deletion	chr1:319601-320500	900	0.0400968	0.00988873	0.000342518	1	1	1
deletion	chr1:531101-532000	900	0.0437304	0.000794921	5.37303e-08	1	1	1
deletion	chr1:626501-627200	700	0.0205621	0.00741884	7.30006e-06	1	1	1
deletion	chr1:761501-762300	800	0.0386647	0.0490314	0.000691792	1	1	1
deletion	chr1:1044401-1045500	1100	0.0601616	0.000634574	3.25535e-05	1	1	1
deletion	chr1:1619501-1623900	4400	0.641337	0.0233246	4.75835e+08	0.00238623	19761.2	1
deletion	chr1:1739701-1740600	900	0.0174465	1.09315e-05	1.20879e-09	1	1	1
deletion	chr1:1801401-1806400	5000	0.701485	0.000216224	771508	6.53663	2.06832e+07	1
deletion	chr1:1865201-1868000	2800	0.336599	1.81924e-06	11437.3	5.98594	3.98864	1
duplication	chr1:1876101-1880100	4000	1.37563	0.0471926	1.60847e+07	24.5051	2.43623e+06	1
deletion	chr1:2804301-2816000	11700	0.349076	1.36216e-11	1.96742e+06	1.64302e-11	6.83557e+06	1
deletion	chr1:2847301-2848000	700	0.0464084	0.110407	0.00018632	1	1	1
deletion	chr1:2917201-2920200	3000	0.243078	5.31242e-11	1.32601e-06	2.38452e-05	1.12669e-08	1
deletion	chr1:3049601-3051300	1700	0.355266	9.30556e-05	0.00027473	1	1	1
deletion	chr1:3219401-3220400	1000	0	9.50083e-06	3.18217e-17	1	1	1
deletion	chr1:3270001-3270900	900	0	0.000159612	1.25387e-14	1	1	1
deletion	chr1:3384201-3384800	600	0.0112589	0.00550519	2.3493e-05	1	1	1
deletion	chr1:3489101-3489800	700	0.0349179	0.0301795	4.39139e-05	1	1	1
deletion	chr1:3543901-3545400	1500	0.311222	0.00441321	0.00468136	1	1	1
deletion	chr1:3728001-3732000	4000	0.203425	3.98431e-11	0.0465454	7.96863e-11	5.79105e-22	1
deletion	chr1:3976901-3978600	1700	0.20665	0.0306377	4.03301e+06	1	1	1
deletion	chr1:4231401-4232100	700	0	0.0481147	1.94678e-09	1	1	1
deletion	chr1:4340501-4349400	8900	0.490299	1.7907e-11	0.170654	2.30975e-11	33.8902	1
deletion	chr1:4397101-4405000	7900	0.523309	2.01737e-11	2.46597e+06	3.99782e-09	1.473e+07	1
duplication	chr1:4545301-4563000	17700	2.28741	0	5.15714e-05	0	0.00184326	1
deletion	chr1:4665301-4666300	1000	0.139835	0.0507832	0.00113806	1	1	1
deletion	chr1:4681801-4683100	1300	0.20888	0.0414534	0.0744707	1	1	1
duplication	chr1:4683201-4687400	4200	1.98336	0	1.85602e-16	1.3032e-05	0.000174147	1
deletion	chr1:4828201-4829000	800	0	0.00273583	4.94066e-12	1	1	1
deletion	chr1:5112701-5114800	2100	0.221307	8.02624e-05	1884.08	1	1	1
deletion	chr1:5126001-5130700	4700	0.223849	3.3909e-11	6.46478e+06	5.90269e-11	0.00122318	1
duplication	chr1:5177301-5184300	7000	1.37148	0.0127559	7706.01	7.26396	301025	1
duplication	chr1:5233201-5244100	10900	115.194	3.80155e-10	2.17642e+09	3.91877e-07	2.28989e+09	1
duplication	chr1:5247201-5255600	8400	48.6508	0	2.31917e+09	5.04115e-07	2.44008e+09	1
duplication	chr1:5255801-5283000	27200	48.1041	0	1.43833e+09	0	1.51332e+09	1
duplication	chr1:5283201-5290500	7300	50.0106	2.61982e-10	2.38491e+09	2.44243e-05	2.50925e+09	1
deletion	chr1:5300901-5304700	3800	0.10437	4.19401e-11	1.66026e-32	8.85403e-11	1.89001e-19	1
deletion	chr1:5359601-5360900	1300	0.041704	3.06657e-06	1.51592e-06	1	1	1
deletion	chr1:5445801-5449100	3300	0.530442	0.0476195	1.26292e+07	413.395	1.84404e+08	1
deletion	chr1:5695401-5696500	1100	0.025765	3.24193e-06	1.96771e-09	1	1	1
deletion	chr1:5817901-5818700	800	0	0.00273583	4.94066e-12	1	1	1
deletion	chr1:5985501-5988800	3300	0.203299	4.82947e-11	2.15661e-13	0.0220989	0.018246	1
deletion	chr1:6243001-6243900	900	0.0223912	1.46763e-05	1.72502e-09	1	1	1
deletion	chr1:6353101-6353700	600	0.0129084	0.0109929	3.81467e-05	1	1	1
deletion	chr2:919101-920900	1800	0	8.85403e-11	5.47614e-38	1	1	1
deletion	chr2:926801-928200	1400	0.0304547	6.45459e-08	5.12031e-09	1	1	1
deletion	chr2:1262201-1267700	5500	0.687733	2.3825e-05	7.888e+06	0.196999	6.73386e+07	1
deletion	chr2:1301501-1302300	800	0.0519776	0.0347887	0.000110651	1	1	1
duplication	chr2:1317001-1332900	15900	1.27842	1.5416e-08	7.87633e+06	2.07983e-05	1.65406e+07	1
deletion	chr2:2217101-2218400	1300	0.0368671	4.16256e-06	4.20325e-06	1	1	1
duplication	chr2:2421601-2430200	8600	1.33337	0.027364	341387	0.0161886	2.79246e+06	1
duplication	chr2:3005901-3008700	2800	2.24303	0.00015195	7.26358e-11	397.305	79.6976	1
deletion	chr2:3347901-3348600	700	0.0760646	0.732545	0.00264919	1	1	1
duplication	chr2:3530101-3532400	2300	2.55206	3.7993e-06	3.09171e-05	164310	1.06824	1
deletion	chr2:4112901-4113400	500	0.0110423	0.171241	0.0031468	1	1	1
deletion	chr2:4297201-4297700	500	0	16.7049	0.000302258	1	1	1
deletion	chr2:4346501-4351100	4600	0.0335143	3.46462e-11	2.51009e-45	6.12971e-11	1.2369e-45	1
deletion	chr2:4353601-4354600	1000	0	9.50083e-06	3.18217e-17	1	1	1
deletion	chr2:4381801-4384100	2300	0.345526	0.000771461	7069.73	7859.89	46.9289	1
deletion	chr2:4450701-4451300	600	0	0.87553	7.67091e-07	1	1	1
deletion	chr2:4577501-4578500	1000	0.0145867	1.54113e-07	4.70555e-12	1	1	1
deletion	chr2:4612401-4616700	4300	0.651536	0.036565	1.09391e+06	51.1036	4.25831e+07	1
deletion	chr2:4668001-4668600	600	0	0.87553	7.67091e-07	1	1	1
duplication	chr2:4746601-4748800	2200	1.75085	0.00310169	0.185549	266892	220929	1
deletion	chr2:4794301-4798600	4300	0.551501	0.000135323	5.40129e+08	44.4424	1.17478e+09	1
deletion	chr2:4863401-4873400	10000	0.735847	7.0355e-07	2.75207e+09	0.000428344	2.77545e+09	1
deletion	chr2:4931101-4932400	1300	0.0559229	9.09416e-06	1.27554e-07	1	1	1
deletion	chr2:5343901-5413500	69600	0.733238	2.28983e-12	278318	2.35758e-12	362970	1
deletion	chr2:5616201-5616900	700	0.0458627	1.0423	0.0443665	1	1	1
deletion	chr2:5687801-5688600	800	0	0.00273583	4.94066e-12	1	1	1
deletion	chr2:5875501-5879200	3700	0.56781	5.27929e-05	256381	0.0222033	29.7946	1
deletion	chr2:5969101-5973200	4100	0.345283	3.88713e-11	6.66413e-10	0.00010645	0.00038479	1
deletion	chr2:5981301-5982300	1000	0.0340486	0.000366835	3.54343e-06	1	1	1
deletion	chr2:6602301-6603300	1000	0.0134391	1.91247e-09	9.84453e-15	1	1	1
deletion	chr2:6654201-6654700	500	0	16.7049	0.000302258	1	1	1
deletion	chr2:6749201-6753900	4700	0.598453	1.88558e-06	145.534	0.213925	23703	1
deletion	chr2:7259701-7261900	2200	0	7.24421e-11	2.2717e-48	226905	18491.5	1
deletion	chr2:7307801-7309000	1200	0	3.51948e-08	2.04956e-22	1	1	1
deletion	chr2:7508601-7509900	1300	0.0719675	0.000435923	0.149237	1	1	1
deletion	chr2:7512601-7513300	700	0	0.0481147	1.94678e-09	1	1	1
deletion	chr2:7780801-7782500	1700	0.0120442	9.37485e-11	2.25328e-23	1	1	1
deletion	chr2:7822301-7822800	500	0	16.7049	0.000302258	1	1	1
deletion	chr2:7849101-7849700	600	0.0065412	0.0003561	5.73695e-06	1	1	1
deletion	chr2:8065201-8069900	4700	0.686759	0.000210423	2.09089e+09	12.9852	2.39292e+09	1
deletion	chr2:8316301-8319100	2800	0.400772	0.0179048	2.80327e+08	4520.99	5.99989e+07	1
deletion	chr2:8374401-8374900	500	0.0093386	0.0870133	0.00220799	1	1	1
deletion	chr2:8438801-8441800	3000	0.175989	5.31242e-11	0.000652065	10.1786	175167	1
duplication	chr2:8751401-8753800	2400	47.0853	0.00136874	0	6232.35	0	1
duplication	chr2:8818601-8822700	4100	1.3617	0.000360959	3690.75	2.52263	102.304	1
deletion	chr2:9131501-9133100	1600	0	9.96078e-11	8.50231e-33	1	1	1
deletion	chr2:9190801-9192100	1300	0.0297035	5.14896e-09	5.50308e-14	1	1	1
deletion	chr3:2029301-2031600	2300	0.0110024	6.92924e-11	2.65282e-31	7859.89	46.9289	1
deletion	chr3:2076701-2077600	900	0	0.000159612	1.25387e-14	1	1	1
deletion	chr3:2111601-2113100	1500	0	1.06248e-10	3.35018e-30	1	1	1
deletion	chr3:2212901-2216000	3100	0.213882	5.14105e-11	0.0110775	1.29586e-05	3.51573e-10	1
deletion	chr3:2221001-2222000	1000	0.0390426	4.29868e-05	2.89125e-09	1	1	1
deletion	chr3:2240401-2241300	900	0.0151327	3.44404e-06	2.89106e-10	1	1	1
deletion	chr3:2244701-2245300	600	0	0.87553	7.67091e-07	1	1	1
deletion	chr3:2270201-2270800	600	0	0.87553	7.67091e-07	1	1	1
deletion	chr3:2346201-2348200	2000	0.119958	3.33885e-08	4.69146e-06	1	1	1
deletion	chr3:2773901-2775300	1400	0.0431617	1.95801e-08	2.46688e-13	1	1	1
deletion	chr3:3042101-3047300	5200	0.74711	0.0257081	1.32252e+08	513.936	4.32007e+08	1
deletion	chr3:3539201-3546600	7400	0.658685	3.77287e-05	1.66788e+08	0.0031881	3.59902e+08	1
deletion	chr3:3557201-3563600	6400	0.141081	2.4902e-11	7.45624e-34	3.6221e-11	1.04999e-34	1
deletion	chr3:3755201-3755900	700	0	0.0481147	1.94678e-09	1	1	1
deletion	chr3:3890401-3892100	1700	0.0490408	2.62496e-09	6.99938e-11	1	1	1
deletion	chr3:3923501-3925000	1500	0	1.06248e-10	3.35018e-30	1	1	1
deletion	chr3:3971801-3973800	2000	0.00751539	7.96863e-11	1.51773e-32	1	1	1
deletion	chr3:4019901-4020500	600	0.0332045	0.192495	0.000468677	1	1	1
deletion	chr3:4255201-4261300	6100	0.49657	2.61266e-11	34174.5	3.35576e-07	1.40681e+06	1
deletion	chr3:4304401-4305000	600	0	0.87553	7.67091e-07	1	1	1
deletion	chr3:4526901-4528200	1300	0.255845	0.000691922	0.000328658	1	1	1
deletion	chr3:4533001-4534600	1600	0.0973287	3.16354e-07	9.79602e-12	1	1	1
deletion	chr3:4566401-4569700	3300	0.138167	4.82947e-11	3.54745e-05	1.20995	9529.68	1
deletion	chr3:4645601-4647400	1800	0.0195473	8.85403e-11	4.18343e-24	1	1	1
deletion	chr3:4662001-4662500	500	0	16.7049	0.000302258	1	1	1
deletion	chr3:4876901-4878500	1600	0	9.96078e-11	8.50231e-33	1	1	1
deletion	chr3:4897501-4898700	1200	0.0273282	7.703e-07	1.42731e-09	1	1	1
deletion	chr3:4986101-4987000	900	0.0300745	6.3919e-06	1.89363e-10	1	1	1
deletion	chr3:5026501-5029200	2700	0.150856	5.90269e-11	858.493	0.277472	0.000303172	1
deletion	chr3:5053101-5062900	9800	0.725479	2.89131e-07	1.20047e+06	0.00166634	5.87326e+06	1
deletion	chr3:5122001-5122700	700	0	0.0481147	1.94678e-09	1	1	1
deletion	chr3:5143301-5144000	700	0.134981	1.64217	0.0323669	1	1	1
deletion	chr3:5149301-5149900	600	0	0.87553	7.67091e-07	1	1	1
deletion	chr3:5273601-5274400	800	0.0179919	0.000204489	6.003e-08	1	1	1
deletion	chr4:1-11300	11300	0.661636	1.68681e-08	2.76096e+09	1.71368e-11	4.07001e+08	1
duplication	chr4:11301-15500	4200	1.59272	9.39988e-05	6128.37	6.36723	3.07378e+06	1
duplication	chr4:17101-35300	18200	1.72513	6.18627e-05	751389	0.0286369	1.85999e+06	1
deletion	chr4:57601-61200	3600	0.449728	4.42701e-11	4.23415e-07	0.18139	264.189	1
deletion	chr4:338301-345100	6800	0.625149	2.34371e-11	15.1996	5.72403e-05	4130.56	1
deletion	chr4:428101-430500	2400	0.558142	0.00189807	887.982	31487.1	3.96541e+06	1
deletion	chr4:556801-557400	600	0	0.87553	7.67091e-07	1	1	1
deletion	chr4:851201-852400	1200	0	3.51948e-08	2.04956e-22	1	1	1
deletion	chr4:1015001-1016600	1600	0.271753	0.00170212	2.41147e-05	1	1	1
deletion	chr4:1053201-1054000	800	0.0294409	0.00689649	1.28895e-05	1	1	1
deletion	chr4:1205601-1206400	800	0.0266479	0.00337502	3.63369e-06	1	1	1
deletion	chr4:1267601-1271600	4000	0.253504	3.98431e-11	0.0124495	0.216677	5978.5	1
deletion	chr4:1278101-1281200	3100	0.15154	5.14105e-11	5.31132e-19	1.98877e-05	9.95457e-08	1
deletion	chr4:1438301-1440000	1700	0.113032	9.09361e-09	2.37058e-12	1	1	1
deletion	chr4:1860501-1861800	1300	0.0418083	1.27596e-06	8.48518e-08	1	1	1
deletion	chr4:1880701-1881400	700	0.0375746	0.0308797	2.84502e-05	1	1	1
deletion	chr4:1977101-1977600	500	0	16.7049	0.000302258	1	1	1
deletion	chr4:2066401-2067500	1100	0	5.74755e-07	8.07592e-20	1	1	1
deletion	chr4:2712301-2713100	800	0	0.00273583	4.94066e-12	1	1	1
deletion	chr4:2928501-2929900	1400	0.155493	1.00657e-05	2.00747e-09	1	1	1
deletion	chr4:2945501-2946100	600	0	0.87553	7.67091e-07	1	1	1
deletion	chr4:3154401-3162000	7600	0.496237	2.09701e-11	1.35093e+09	3.34085e-07	1.64737e+09	1
deletion	chr4:3208201-3209200	1000	0	9.50083e-06	3.18217e-17	1	1	1
deletion	chr4:3432601-3433900	1300	0	2.2067e-09	5.20152e-25	1	1	1
deletion	chr4:3635501-3636700	1200	0	3.51948e-08	2.04956e-22	1	1	1
deletion	chr4:3669001-3670300	1300	0.0384541	6.98334e-06	1.72606e-05	1	1	1
deletion	chr4:3728801-3730300	1500	0.0209358	1.06248e-10	9.95817e-15	1	1	1
deletion	chr4:3836001-3837300	1300	0.00578107	1.22594e-10	1.93479e-21	1	1	1
deletion	chr4:4092201-4099400	7200	0.482862	2.21351e-11	249.256	3.06486e-11	1.57454e-07	1
deletion	chr4:4155401-4157600	2200	0.240158	0.00304675	69190.2	226905	18491.5	1
deletion	chr4:4190201-4190900	700	0	0.0481147	1.94678e-09	1	1	1
deletion	chr4:4199701-4201200	1500	0.00470538	1.06248e-10	2.5221e-26	1	1	1
deletion	chr4:4223201-4224500	1300	0.0549722	6.59582e-06	1.96146e-08	1	1	1
deletion	chr4:4234601-4235600	1000	0.0339685	0.000358947	3.36971e-06	1	1	1
deletion	chr4:4871501-4875000	3500	0.695576	0.000810492	39233.4	1121.29	2.36211e+07	1
deletion	chr4:4879201-4882600	3400	0.338903	4.68743e-11	5.99141e-11	0.000124286	1.36423e-09	1
deletion	chr4:4949101-4950400	1300	0	2.2067e-09	5.20152e-25	1	1	1
deletion	chr4:5021901-5023600	1700	0.19506	0.000887384	27.2853	1	1	1
deletion	chr4:5395101-5396300	1200	0	3.51948e-08	2.04956e-22	1	1	1
deletion	chr4:5832401-5833200	800	0.0164159	0.000106558	2.76188e-08	1	1	1
deletion	chr4:5920601-5921400	800	0	0.00273583	4.94066e-12	1	1	1
deletion	chr4:5924601-5925200	600	0	0.87553	7.67091e-07	1	1	1
deletion	chr4:5952001-5952500	500	0	16.7049	0.000302258	1	1	1
deletion	chr4:6314301-6315300	1000	0.0870014	0.0398027	0.0290287	1	1	1
deletion	chr4:6433301-6433800	500	0	16.7049	0.000302258	1	1	1
deletion	chr4:6535301-6536300	1000	0.00875631	1.43435e-09	4.85036e-14	1	1	1
duplication	chr5:1-4800	4800	20.0563	0.00636259	2.54133e+09	1.60506	2.67382e+09	1
deletion	chr5:48901-49600	700	0.0388212	0.370196	0.00458212	1	1	1
deletion	chr5:74401-76200	1800	0.355542	0.000476199	0.976803	1	1	1
deletion	chr5:79601-81700	2100	0.0306185	7.58917e-11	4.59042e-08	1	1	1
deletion	chr5:83301-85900	2600	0.00830394	6.12971e-11	1.82048e-39	0.87553	7.67091e-07	1
deletion	chr5:87101-88000	900	0.0241418	9.0196e-06	4.3565e-10	1	1	1
duplication	chr5:180001-196700	16700	1.29658	9.26231e-07	2.32077e+07	0.000232208	4.13256e+07	1
deletion	chr5:566201-568800	2600	0.0163987	6.12971e-11	3.13396e-24	0.87553	7.67091e-07	1
duplication	chr5:629801-633600	3800	2.47042	1.39828e-07	1.03255e+09	2.27218	1.76872e+09	1
deletion	chr5:640701-644800	4100	0.506933	2.2973e-08	1.46067	6.19026e-06	9.96951e-06	1
deletion	chr5:677801-678500	700	0	0.0481147	1.94678e-09	1	1	1
deletion	chr5:726801-727600	800	0.0821137	0.00798801	6.24286e-07	1	1	1
deletion	chr5:759301-760400	1100	0	5.74755e-07	8.07592e-20	1	1	1
deletion	chr5:803801-804900	1100	0.0580887	0.000122881	1.60512e-06	1	1	1
duplication	chr5:1034801-1040300	5500	1.98545	2.66587e-09	0.00386206	0.000144641	80.0984	1
deletion	chr5:1102701-1103500	800	0.0187885	0.000278348	8.85723e-08	1	1	1
deletion	chr5:1360301-1361100	800	0	0.00273583	4.94066e-12	1	1	1
deletion	chr5:1362201-1363000	800	0.00676647	2.02005e-07	1.95282e-10	1	1	1
deletion	chr5:1654001-1654600	600	0.0257765	0.370952	0.00144895	1	1	1
deletion	chr5:1824101-1824800	700	0.113487	0.0425316	0.000264581	1	1	1
duplication	chr5:2179201-2184400	5200	1.36357	0.0272377	4.40273e+08	322.426	9.05563e+08	1
deletion	chr5:2417001-2417800	800	0.0190827	0.000310911	1.02196e-07	1	1	1
deletion	chr5:2979501-2987000	7500	0.57228	2.12497e-11	52.4566	2.89768e-11	6071.96	1
deletion	chr5:2990201-2992000	1800	0.287997	1.51002e-05	0.221107	1	1	1
duplication	chr5:3314501-3322400	7900	1.34156	0.0185406	3.4255e+08	0.719689	5.86777e+08	1
deletion	chr5:3351501-3352200	700	0.0615758	0.0113409	1.93178e-05	1	1	1
deletion	chr5:3382601-3383200	600	0	0.87553	7.67091e-07	1	1	1
deletion	chr5:3511801-3514600	2800	0.0290169	5.69188e-11	3.60676e-13	0.00273583	4.94066e-12	1
deletion	chr5:3842901-3843500	600	0	0.87553	7.67091e-07	1	1	1
